Quadrado 1 encontrado aos 00:00:15
13	11	8	2
4	6	9	15
10	16	3	5
7	1	14	12

Nº da geração: 5597
Pai 1: [13, 11, 8, 1, 4, 6, 9, 15, 10, 16, 3, 5, 7, 2, 14, 12]
Pai 2: [5, 4, 13, 12, 8, 7, 3, 15, 10, 9, 16, 1, 11, 14, 2, 6]
Ponto de crossover: 12
---

Quadrado 2 encontrado aos 00:00:17
5	4	13	12
11	6	3	14
8	9	16	1
10	15	2	7

Nº da geração: 6067
Pai 1: [5, 4, 13, 11, 12, 6, 3, 14, 8, 9, 16, 1, 10, 15, 2, 7]
Pai 2: [4, 5, 13, 12, 11, 6, 2, 14, 9, 8, 16, 1, 10, 15, 3, 7]
Ponto de crossover: 10
---

Quadrado 3 encontrado aos 00:00:17
15	1	4	14
5	10	11	8
12	7	6	9
2	16	13	3

Nº da geração: 6270
Pai 1: [15, 1, 4, 14, 6, 10, 11, 8, 12, 7, 5, 9, 2, 16, 13, 3]
Pai 2: [2, 8, 10, 14, 13, 6, 9, 5, 12, 3, 15, 4, 7, 16, 1, 11]
Ponto de crossover: 13
---

Quadrado 4 encontrado aos 00:00:17
5	4	13	12
10	7	2	15
8	9	16	1
11	14	3	6

Nº da geração: 6500
Pai 1: [5, 4, 13, 12, 10, 7, 2, 14, 8, 9, 16, 1, 11, 15, 3, 6]
Pai 2: [4, 5, 13, 12, 11, 7, 2, 15, 9, 8, 16, 1, 10, 14, 3, 6]
Ponto de crossover: 12
---

Quadrado 5 encontrado aos 00:00:18
1	14	7	12
15	4	9	6
10	5	16	3
8	11	2	13

Nº da geração: 6943
Pai 1: [1, 15, 7, 12, 14, 4, 9, 6, 10, 5, 16, 3, 8, 11, 2, 13]
Pai 2: [1, 5, 12, 15, 11, 10, 7, 6, 13, 3, 14, 2, 8, 16, 4, 9]
Ponto de crossover: 14
---

Quadrado 6 encontrado aos 00:00:20
1	11	8	14
16	6	9	3
10	4	15	5
7	13	2	12

Nº da geração: 7406
Pai 1: [1, 11, 8, 14, 16, 6, 9, 5, 10, 4, 15, 3, 7, 13, 2, 12]
Pai 2: [5, 4, 12, 14, 11, 7, 2, 13, 9, 8, 16, 1, 10, 15, 3, 6]
Ponto de crossover: 12
---

Quadrado 7 encontrado aos 00:00:25
2	12	7	13
15	5	10	4
9	3	16	6
8	14	1	11

Nº da geração: 9022
Pai 1: [2, 14, 7, 13, 15, 5, 10, 4, 9, 3, 16, 6, 8, 12, 1, 11]
Pai 2: [5, 4, 12, 13, 10, 7, 2, 15, 9, 8, 16, 1, 11, 14, 3, 6]
Ponto de crossover: 10
---

Quadrado 8 encontrado aos 00:00:25
4	7	10	13
5	14	3	12
9	2	15	8
16	11	6	1

Nº da geração: 9212
Pai 1: [4, 7, 10, 13, 5, 15, 3, 12, 9, 2, 14, 8, 16, 11, 6, 1]
Pai 2: [8, 11, 13, 1, 5, 6, 10, 14, 12, 15, 4, 3, 9, 2, 7, 16]
Ponto de crossover: 12
---

Quadrado 9 encontrado aos 00:00:31
1	12	7	14
15	6	9	4
10	3	16	5
8	13	2	11

Nº da geração: 11470
Pai 1: [1, 12, 7, 14, 15, 6, 9, 5, 10, 3, 16, 4, 8, 13, 2, 11]
Pai 2: [4, 5, 13, 12, 10, 7, 2, 15, 8, 9, 16, 1, 11, 14, 3, 6]
Ponto de crossover: 14
---

Quadrado 10 encontrado aos 00:00:34
4	3	14	13
15	10	7	2
6	5	12	11
9	16	1	8

Nº da geração: 12423
Pai 1: [4, 3, 13, 14, 15, 10, 7, 2, 6, 5, 12, 11, 9, 16, 1, 8]
Pai 2: [4, 3, 14, 13, 15, 10, 7, 1, 6, 5, 12, 11, 9, 16, 2, 8]
Ponto de crossover: 8
---

Busca encerrada.