Tamanho da matriz: 5
Tamanho da população: 10
Tamanho da elite: 8
Periodo de morte da elite: 2000
Ponto minimo (cruzamento): 1
Ponto maximo (cruzamento): 23
Chance de mutação: 5%
Exibir histórico completo: não
Permitir indivíduos idênticos: não
---

Quadrado 1 encontrado aos 00:00:42
9	16	24	15	1
17	10	12	18	8
7	20	22	2	14
21	13	3	5	23
11	6	4	25	19

Nº da geração: 260620
Pai 1: [9, 17, 24, 15, 1, 16, 10, 12, 18, 8, 7, 20, 22, 2, 14, 21, 13, 4, 5, 23, 11, 6, 3, 25, 19]
Pai 2: [9, 16, 23, 15, 1, 17, 10, 12, 18, 8, 7, 20, 22, 2, 14, 21, 13, 3, 5, 24, 11, 6, 4, 25, 19]
Ponto de cruzamento: 16
Houve mutação? não

Quadrado 2 encontrado aos 00:02:39
2	20	17	4	22
5	15	18	6	21
25	7	13	12	8
23	14	1	24	3
10	9	16	19	11

Nº da geração: 1006983
Pai 1: [2, 20, 17, 4, 23, 5, 15, 18, 6, 21, 25, 7, 13, 12, 8, 22, 14, 1, 24, 3, 10, 9, 16, 19, 11]
Pai 2: [2, 20, 17, 4, 22, 5, 15, 18, 6, 21, 25, 7, 13, 12, 8, 23, 14, 1, 24, 3, 11, 9, 16, 19, 10]
Ponto de cruzamento: 19
Houve mutação? não

Quadrado 3 encontrado aos 00:04:22
4	20	10	24	7
8	14	16	9	18
6	23	21	2	13
22	3	17	11	12
25	5	1	19	15

Nº da geração: 1673262
Pai 1: [5, 20, 10, 24, 7, 8, 14, 16, 9, 18, 6, 23, 21, 2, 13, 22, 3, 17, 11, 12, 25, 4, 1, 19, 15]
Pai 2: [5, 19, 10, 23, 8, 7, 14, 16, 9, 18, 6, 25, 20, 1, 13, 22, 3, 17, 11, 12, 24, 4, 2, 21, 15]
Ponto de cruzamento: 23
Houve mutação? sim, em [21, 0]

Quadrado 4 encontrado aos 00:09:59
25	23	2	11	4
14	1	10	19	21
3	8	20	22	12
18	17	9	6	15
5	16	24	7	13

Nº da geração: 3712549
Pai 1: [25, 24, 2, 11, 4, 14, 1, 10, 19, 21, 3, 8, 20, 22, 12, 18, 17, 9, 6, 15, 5, 16, 23, 7, 13]
Pai 2: [25, 23, 2, 10, 4, 14, 1, 11, 19, 21, 3, 8, 20, 22, 12, 18, 17, 9, 6, 15, 5, 16, 24, 7, 13]
Ponto de cruzamento: 20
Houve mutação? não

Quadrado 5 encontrado aos 00:11:10
23	4	3	17	18
7	20	21	8	9
19	16	5	13	12
6	24	22	2	11
10	1	14	25	15

Nº da geração: 4152328
Pai 1: [22, 4, 3, 17, 18, 7, 20, 23, 8, 9, 19, 16, 5, 13, 12, 6, 24, 21, 2, 11, 10, 1, 14, 25, 15]
Pai 2: [23, 4, 2, 17, 18, 7, 20, 21, 8, 9, 19, 16, 5, 13, 11, 6, 24, 22, 3, 12, 10, 1, 14, 25, 15]
Ponto de cruzamento: 13
Houve mutação? não

Quadrado 6 encontrado aos 00:16:49
11	2	4	25	23
18	14	24	8	1
9	16	15	19	6
20	12	17	3	13
7	21	5	10	22

Nº da geração: 6081355
Pai 1: [25, 2, 4, 11, 23, 18, 14, 24, 9, 1, 8, 16, 15, 19, 6, 20, 12, 17, 3, 13, 7, 21, 5, 10, 22]
Pai 2: [11, 2, 4, 25, 23, 18, 15, 24, 8, 1, 9, 16, 14, 20, 6, 19, 12, 17, 3, 13, 7, 21, 5, 10, 22]
Ponto de cruzamento: 12
Houve mutação? não

Quadrado 7 encontrado aos 00:19:27
16	1	4	20	24
17	11	25	7	5
8	23	3	19	12
14	21	15	13	2
10	9	18	6	22

Nº da geração: 7065791
Pai 1: [16, 1, 4, 20, 24, 17, 11, 25, 6, 5, 8, 23, 3, 19, 12, 14, 21, 15, 13, 2, 10, 9, 18, 7, 22]
Pai 2: [16, 1, 4, 19, 24, 18, 11, 25, 7, 5, 8, 21, 3, 20, 14, 12, 23, 15, 13, 2, 10, 9, 17, 6, 22]
Ponto de cruzamento: 10
Houve mutação? não

Quadrado 8 encontrado aos 00:19:33
12	5	13	25	10
20	22	2	17	4
1	7	19	14	24
21	8	15	3	18
11	23	16	6	9

Nº da geração: 7113007
Pai 1: [12, 5, 13, 25, 10, 20, 22, 2, 17, 4, 1, 7, 18, 14, 24, 21, 8, 15, 3, 19, 11, 23, 16, 6, 9]
Pai 2: [12, 5, 13, 25, 10, 20, 22, 1, 17, 4, 2, 7, 19, 14, 24, 21, 8, 15, 3, 18, 11, 23, 16, 6, 9]
Ponto de cruzamento: 11
Houve mutação? não

Quadrado 9 encontrado aos 00:21:17
13	6	23	9	14
2	21	17	7	18
11	12	19	20	3
24	10	5	4	22
15	16	1	25	8

Nº da geração: 7717285
Pai 1: [13, 6, 24, 9, 14, 2, 21, 17, 7, 19, 11, 12, 18, 20, 3, 23, 10, 5, 4, 22, 15, 16, 1, 25, 8]
Pai 2: [14, 6, 23, 9, 13, 2, 21, 17, 7, 18, 11, 12, 19, 20, 3, 24, 10, 5, 4, 22, 15, 16, 1, 25, 8]
Ponto de cruzamento: 13
Houve mutação? não

Quadrado 10 encontrado aos 00:25:32
16	9	3	18	19
13	20	17	4	11
10	23	6	21	5
2	12	14	15	22
24	1	25	7	8

Nº da geração: 9231053
Pai 1: [16, 9, 3, 18, 19, 13, 20, 17, 4, 11, 10, 24, 6, 21, 5, 2, 12, 14, 15, 22, 23, 1, 25, 7, 8]
Pai 2: [16, 9, 3, 18, 19, 13, 20, 17, 4, 10, 11, 21, 6, 22, 5, 2, 12, 14, 15, 23, 24, 1, 25, 7, 8]
Ponto de cruzamento: 21
Houve mutação? não

Busca encerrada.