Tamanho da matriz: 5
Tamanho da população: 10
Tamanho da elite: 8
Periodo de morte da elite: 2000
Ponto minimo (cruzamento): 1
Ponto maximo (cruzamento): 23
Chance de mutação: 50%
Exibir histórico completo: não
Permitir indivíduos idênticos: não
---

Quadrado 1 encontrado aos 00:00:30
7	14	23	9	12
20	13	1	25	6
21	22	8	10	4
2	5	16	18	24
15	11	17	3	19

Nº da geração: 159943
Pai 1: [7, 14, 23, 9, 12, 20, 13, 2, 25, 6, 21, 22, 8, 10, 4, 1, 5, 17, 18, 24, 15, 11, 16, 3, 19]
Pai 2: [7, 14, 24, 9, 12, 20, 13, 1, 25, 6, 21, 22, 8, 10, 4, 2, 5, 17, 18, 23, 15, 11, 16, 3, 19]
Ponto de cruzamento: 15
Houve mutação? sim, em [17, 22]

Quadrado 2 encontrado aos 00:02:27
18	14	3	20	10
19	1	25	8	12
4	13	24	9	15
22	21	6	5	11
2	16	7	23	17

Nº da geração: 915763
Pai 1: [18, 14, 3, 22, 10, 19, 1, 25, 8, 12, 4, 13, 24, 9, 15, 20, 21, 6, 5, 11, 2, 16, 7, 23, 17]
Pai 2: [18, 14, 3, 22, 10, 19, 1, 25, 8, 12, 4, 13, 24, 9, 15, 20, 21, 6, 5, 11, 2, 16, 7, 23, 17]
Ponto de cruzamento: 2
Houve mutação? sim, em [3, 15]

Quadrado 3 encontrado aos 00:03:03
2	24	6	14	19
21	9	18	7	10
16	17	23	8	1
22	12	5	11	15
4	3	13	25	20

Nº da geração: 1087890
Pai 1: [2, 24, 6, 14, 19, 22, 10, 18, 7, 8, 15, 17, 23, 9, 1, 21, 12, 5, 11, 16, 4, 3, 13, 25, 20]
Pai 2: [2, 24, 7, 14, 19, 21, 9, 18, 6, 10, 16, 17, 23, 8, 1, 22, 12, 5, 11, 15, 4, 3, 13, 25, 20]
Ponto de cruzamento: 3
Houve mutação? sim, em [2, 8]

Quadrado 4 encontrado aos 00:03:05
1	19	8	13	24
25	10	15	6	9
14	22	20	7	2
21	11	5	16	12
4	3	17	23	18

Nº da geração: 1093747
Pai 1: [1, 19, 8, 13, 24, 25, 10, 14, 6, 9, 15, 22, 20, 7, 2, 21, 11, 5, 16, 12, 4, 3, 17, 23, 18]
Pai 2: [2, 19, 8, 13, 24, 25, 9, 15, 6, 10, 14, 22, 20, 7, 1, 21, 11, 5, 16, 12, 3, 4, 17, 23, 18]
Ponto de cruzamento: 12
Houve mutação? não

Quadrado 5 encontrado aos 00:03:15
12	4	24	2	23
18	19	13	14	1
20	15	5	3	22
9	17	7	21	11
6	10	16	25	8

Nº da geração: 1167255
Pai 1: [12, 5, 24, 2, 23, 18, 19, 13, 14, 1, 20, 15, 4, 3, 22, 9, 17, 7, 21, 11, 6, 10, 16, 25, 8]
Pai 2: [12, 4, 24, 2, 23, 18, 19, 13, 14, 1, 20, 15, 5, 3, 22, 9, 16, 7, 21, 11, 6, 10, 17, 25, 8]
Ponto de cruzamento: 6
Houve mutação? não

Quadrado 6 encontrado aos 00:03:16
15	1	24	2	23
8	20	11	14	12
22	18	5	3	17
13	16	6	21	9
7	10	19	25	4

Nº da geração: 1173100
Pai 1: [15, 1, 25, 2, 23, 8, 20, 11, 14, 12, 22, 18, 5, 3, 17, 13, 16, 6, 21, 9, 7, 10, 19, 24, 4]
Pai 2: [15, 1, 24, 2, 23, 8, 20, 10, 14, 12, 22, 17, 5, 3, 18, 13, 16, 6, 21, 9, 7, 11, 19, 25, 4]
Ponto de cruzamento: 18
Houve mutação? não

Quadrado 7 encontrado aos 00:10:15
18	24	1	15	7
4	10	16	14	21
13	2	22	8	20
25	17	3	9	11
5	12	23	19	6

Nº da geração: 3723322
Pai 1: [18, 24, 1, 14, 8, 4, 10, 15, 16, 20, 13, 2, 22, 7, 21, 25, 17, 3, 9, 11, 5, 12, 23, 19, 6]
Pai 2: [18, 24, 2, 15, 7, 4, 10, 16, 14, 21, 13, 1, 22, 8, 20, 25, 17, 3, 9, 11, 5, 12, 23, 19, 6]
Ponto de cruzamento: 4
Houve mutação? não

Quadrado 8 encontrado aos 00:18:32
13	9	15	12	16
4	8	22	24	7
11	18	6	10	20
23	5	19	17	1
14	25	3	2	21

Nº da geração: 6868164
Pai 1: [13, 9, 16, 12, 15, 4, 8, 22, 24, 7, 10, 18, 6, 5, 11, 20, 23, 19, 17, 2, 14, 25, 3, 1, 21]
Pai 2: [13, 9, 15, 12, 16, 4, 8, 21, 24, 7, 11, 18, 6, 10, 20, 23, 5, 19, 17, 1, 14, 25, 3, 2, 22]
Ponto de cruzamento: 16
Houve mutação? não

Quadrado 9 encontrado aos 00:18:43
13	22	17	9	4
3	1	24	14	23
18	6	15	21	5
19	20	7	11	8
12	16	2	10	25

Nº da geração: 6975765
Pai 1: [13, 17, 9, 24, 21, 1, 3, 14, 23, 18, 15, 6, 22, 20, 5, 19, 12, 7, 11, 8, 16, 25, 2, 10, 4]
Pai 2: [13, 22, 17, 9, 4, 1, 3, 24, 14, 23, 18, 6, 15, 21, 5, 19, 20, 7, 11, 8, 12, 16, 2, 10, 25]
Ponto de cruzamento: 1
Houve mutação? sim, em [6, 5]

Quadrado 10 encontrado aos 00:18:43
13	22	9	17	4
3	1	24	14	23
18	6	15	21	5
19	20	7	11	8
12	16	10	2	25

Nº da geração: 6976328
Pai 1: [13, 22, 9, 17, 4, 3, 1, 24, 14, 23, 18, 6, 15, 21, 5, 20, 19, 7, 11, 8, 12, 16, 10, 2, 25]
Pai 2: [13, 22, 17, 9, 4, 1, 3, 24, 14, 23, 18, 6, 15, 21, 5, 19, 20, 7, 11, 8, 12, 16, 2, 10, 25]
Ponto de cruzamento: 12
Houve mutação? não

Busca encerrada.
