Quadrado 1 encontrado aos 00:00:29
1	24	19	3	18
22	21	10	8	4
17	6	11	15	16
2	5	13	25	20
23	9	12	14	7

Nº da geração: 7887
Pai 1: [1, 25, 19, 3, 18, 22, 21, 10, 8, 4, 17, 6, 11, 15, 16, 2, 5, 13, 24, 20, 23, 9, 12, 14, 7]
Pai 2: [11, 13, 16, 7, 18, 6, 25, 12, 2, 20, 15, 8, 17, 21, 4, 9, 5, 22, 10, 19, 23, 14, 1, 24, 3]
Ponto de crossover: 23
---

Quadrado 2 encontrado aos 00:03:08
8	2	12	24	19
17	22	6	4	16
14	20	9	15	7
3	10	13	21	18
23	11	25	1	5

Nº da geração: 49371
Pai 1: [8, 2, 12, 25, 19, 17, 22, 6, 4, 16, 14, 20, 9, 15, 7, 3, 10, 13, 21, 18, 23, 11, 24, 1, 5]
Pai 2: [8, 2, 24, 25, 21, 17, 22, 6, 4, 16, 15, 19, 9, 14, 7, 3, 10, 13, 11, 18, 20, 12, 23, 1, 5]
Ponto de crossover: 22
---

Quadrado 3 encontrado aos 00:04:39
3	4	25	15	18
22	20	17	1	5
14	12	9	19	11
2	13	6	23	21
24	16	8	7	10

Nº da geração: 74421
Pai 1: [3, 4, 25, 15, 18, 22, 20, 17, 2, 5, 14, 13, 9, 19, 10, 1, 12, 8, 23, 21, 24, 16, 7, 6, 11]
Pai 2: [3, 4, 25, 15, 18, 22, 20, 17, 1, 5, 14, 12, 9, 19, 10, 2, 13, 6, 23, 21, 24, 16, 8, 7, 11]
Ponto de crossover: 19
---

Quadrado 4 encontrado aos 00:04:50
1	6	24	16	18
22	20	17	2	4
14	13	9	19	10
3	11	7	23	21
25	15	8	5	12

Nº da geração: 77469
Pai 1: [3, 5, 25, 14, 18, 22, 20, 17, 2, 4, 16, 12, 8, 19, 10, 1, 13, 6, 23, 21, 24, 15, 9, 7, 11]
Pai 2: [1, 5, 24, 16, 18, 22, 20, 17, 2, 4, 14, 13, 9, 19, 10, 3, 11, 7, 23, 21, 25, 15, 8, 6, 12]
Ponto de crossover: 23
---

Quadrado 5 encontrado aos 00:06:20
4	3	25	16	17
15	19	23	2	6
14	12	9	20	10
8	13	1	22	21
24	18	7	5	11

Nº da geração: 100630
Pai 1: [4, 3, 25, 16, 17, 15, 19, 22, 2, 6, 14, 12, 9, 20, 10, 1, 13, 8, 23, 21, 24, 18, 7, 5, 11]
Pai 2: [3, 4, 25, 17, 16, 23, 19, 15, 2, 6, 14, 9, 10, 20, 12, 1, 13, 8, 21, 22, 24, 18, 7, 5, 11]
Ponto de crossover: 20
---

Quadrado 6 encontrado aos 00:08:42
2	13	25	1	24
20	19	17	3	6
4	14	10	22	15
18	7	8	23	9
21	12	5	16	11

Nº da geração: 137018
Pai 1: [2, 13, 25, 1, 24, 21, 19, 17, 3, 6, 4, 14, 10, 23, 15, 18, 7, 8, 22, 9, 20, 12, 5, 16, 11]
Pai 2: [2, 14, 25, 1, 24, 21, 19, 17, 3, 5, 4, 12, 10, 22, 15, 18, 8, 7, 23, 9, 20, 13, 6, 16, 11]
Ponto de crossover: 18
---

Quadrado 7 encontrado aos 00:08:55
2	13	24	1	25
21	19	17	3	5
4	14	10	22	15
18	7	8	23	9
20	12	6	16	11

Nº da geração: 140753
Pai 1: [3, 4, 16, 25, 17, 21, 23, 8, 2, 12, 19, 15, 14, 11, 6, 1, 10, 9, 20, 24, 22, 13, 18, 7, 5]
Pai 2: [2, 13, 25, 1, 24, 21, 19, 17, 3, 5, 4, 14, 10, 22, 15, 18, 7, 8, 23, 9, 20, 12, 6, 16, 11]
Ponto de crossover: 22
---

Quadrado 8 encontrado aos 00:09:07
1	13	24	2	25
20	19	17	3	6
5	12	9	23	16
21	10	8	22	4
18	11	7	15	14

Nº da geração: 143833
Pai 1: [1, 13, 24, 2, 25, 20, 19, 17, 3, 6, 4, 12, 9, 23, 16, 21, 10, 8, 22, 5, 18, 11, 7, 15, 14]
Pai 2: [1, 13, 24, 3, 25, 20, 19, 17, 2, 6, 5, 12, 9, 23, 16, 21, 10, 8, 22, 4, 18, 11, 7, 15, 14]
Ponto de crossover: 21
---

Quadrado 9 encontrado aos 00:11:36
1	12	24	3	25
19	20	18	2	6
7	11	8	23	16
21	13	5	22	4
17	9	10	15	14

Nº da geração: 182222
Pai 1: [1, 11, 24, 4, 25, 20, 19, 17, 2, 7, 5, 12, 9, 23, 16, 21, 13, 6, 22, 3, 18, 10, 8, 15, 14]
Pai 2: [1, 12, 24, 3, 25, 19, 20, 18, 2, 6, 7, 11, 8, 23, 16, 22, 13, 5, 21, 4, 17, 9, 10, 15, 14]
Ponto de crossover: 19
---

Quadrado 10 encontrado aos 00:12:53
1	10	24	5	25
18	19	20	2	6
7	11	9	21	17
23	13	4	22	3
16	12	8	15	14

Nº da geração: 200748
Pai 1: [1, 12, 24, 5, 25, 18, 19, 20, 2, 6, 7, 11, 9, 21, 17, 23, 13, 4, 22, 3, 16, 10, 8, 15, 14]
Pai 2: [1, 13, 24, 2, 25, 19, 20, 16, 4, 6, 5, 12, 9, 23, 17, 22, 10, 8, 21, 3, 18, 11, 7, 15, 14]
Ponto de crossover: 21
---

Busca encerrada.