Tamanho da matriz: 6
Tamanho da população: 20
Tamanho da elite: 10
Periodo de morte da elite: 60000
Ponto minimo (cruzamento): 1
Ponto maximo (cruzamento): 34
Chance de mutação: 50%
Exibir histórico completo: não
Permitir indivíduos idênticos: não
---

Quadrado 1 encontrado aos 00:05:29
5	28	32	7	23	16
24	27	8	30	10	12
22	13	15	25	3	33
18	6	29	9	35	14
31	20	1	36	21	2
11	17	26	4	19	34

Nº da geração: 523491
Pai 1: [5, 28, 32, 7, 23, 16, 22, 27, 8, 30, 10, 12, 24, 13, 15, 25, 3, 33, 18, 6, 29, 9, 35, 14, 31, 20, 1, 36, 21, 2, 11, 17, 26, 4, 19, 34]
Pai 2: [5, 28, 32, 7, 23, 16, 22, 27, 8, 30, 10, 12, 24, 13, 15, 25, 3, 33, 18, 6, 29, 9, 35, 14, 31, 20, 1, 36, 21, 2, 11, 17, 26, 4, 19, 34]
Ponto de cruzamento: 34
Houve mutação? sim, em [6, 12]

Quadrado 2 encontrado aos 00:21:29
9	16	21	34	25	6
3	32	11	35	20	10
36	4	5	2	31	33
30	17	29	19	1	15
7	28	18	13	22	23
26	14	27	8	12	24

Nº da geração: 1866602
Pai 1: [9, 16, 21, 34, 25, 6, 3, 32, 11, 35, 20, 10, 36, 4, 5, 2, 31, 33, 30, 17, 29, 19, 1, 15, 7, 28, 18, 13, 22, 24, 26, 14, 27, 8, 12, 23]
Pai 2: [9, 16, 20, 35, 24, 6, 3, 33, 11, 34, 21, 10, 36, 4, 5, 2, 31, 32, 30, 17, 29, 19, 1, 15, 7, 27, 18, 13, 22, 25, 26, 14, 28, 8, 12, 23]
Ponto de cruzamento: 34
Houve mutação? sim, em [29, 35]

Quadrado 3 encontrado aos 00:22:27
8	16	21	35	25	6
3	32	19	28	18	11
33	4	5	2	31	36
34	14	29	20	1	13
7	30	10	17	24	23
26	15	27	9	12	22

Nº da geração: 1940682
Pai 1: [7, 16, 21, 35, 25, 6, 3, 32, 19, 28, 18, 11, 33, 4, 5, 2, 31, 36, 34, 14, 29, 20, 1, 13, 8, 30, 10, 17, 24, 23, 26, 15, 27, 9, 12, 22]
Pai 2: [8, 16, 21, 35, 25, 6, 3, 32, 20, 28, 17, 11, 33, 4, 5, 2, 31, 36, 34, 15, 29, 19, 1, 13, 7, 30, 10, 18, 24, 22, 26, 14, 27, 9, 12, 23]
Ponto de cruzamento: 9
Houve mutação? não

Quadrado 4 encontrado aos 00:44:14
18	16	15	7	27	28
36	2	34	29	6	4
20	19	8	14	24	26
11	30	22	25	10	13
17	32	1	33	23	5
9	12	31	3	21	35

Nº da geração: 3785258
Pai 1: [14, 16, 15, 7, 27, 28, 36, 2, 8, 20, 4, 19, 18, 30, 34, 26, 24, 11, 29, 32, 13, 10, 17, 25, 33, 5, 1, 22, 23, 6, 9, 12, 31, 3, 21, 35]
Pai 2: [18, 16, 15, 7, 27, 28, 36, 2, 34, 29, 6, 4, 20, 19, 8, 14, 24, 26, 11, 30, 22, 25, 10, 13, 17, 33, 1, 32, 23, 5, 9, 12, 31, 3, 21, 35]
Ponto de cruzamento: 30
Houve mutação? não

Quadrado 5 encontrado aos 01:03:34
31	17	7	12	33	11
30	19	8	13	32	9
3	16	35	21	14	22
24	28	15	2	6	36
18	27	26	29	1	10
5	4	20	34	25	23

Nº da geração: 5335681
Pai 1: [31, 17, 8, 13, 33, 10, 30, 19, 7, 12, 32, 11, 3, 16, 35, 21, 14, 22, 24, 27, 15, 2, 6, 36, 18, 28, 26, 29, 1, 9, 5, 4, 20, 34, 25, 23]
Pai 2: [31, 17, 7, 12, 33, 11, 30, 19, 8, 13, 32, 10, 3, 16, 35, 21, 14, 22, 24, 28, 15, 2, 6, 36, 18, 27, 26, 29, 1, 9, 5, 4, 20, 34, 25, 23]
Ponto de cruzamento: 31
Houve mutação? sim, em [29, 11]

Quadrado 6 encontrado aos 01:08:01
23	27	32	13	5	11
25	33	4	18	30	1
6	19	22	12	36	16
14	15	31	9	8	34
26	10	20	24	3	28
17	7	2	35	29	21

Nº da geração: 5718153
Pai 1: [24, 27, 31, 14, 5, 11, 25, 33, 4, 18, 29, 1, 6, 19, 22, 12, 35, 16, 13, 15, 32, 9, 10, 34, 26, 8, 21, 23, 3, 28, 17, 7, 2, 36, 30, 20]
Pai 2: [23, 27, 31, 13, 5, 11, 25, 33, 4, 18, 30, 1, 6, 19, 22, 12, 36, 16, 14, 15, 32, 9, 8, 34, 26, 10, 20, 24, 3, 28, 17, 7, 2, 35, 29, 21]
Ponto de cruzamento: 2
Houve mutação? sim, em [2, 20]

Quadrado 7 encontrado aos 01:12:28
18	27	7	21	22	16
3	6	29	17	24	32
33	9	31	12	1	25
34	4	14	10	36	13
8	30	19	23	26	5
15	35	11	28	2	20

Nº da geração: 6142189
Pai 1: [18, 27, 7, 21, 22, 16, 3, 6, 29, 17, 24, 32, 33, 8, 31, 12, 1, 25, 34, 4, 14, 10, 36, 13, 9, 30, 19, 23, 26, 5, 15, 35, 11, 28, 2, 20]
Pai 2: [14, 13, 7, 18, 21, 22, 3, 6, 27, 16, 29, 17, 24, 8, 12, 35, 1, 33, 31, 25, 10, 32, 9, 36, 30, 19, 5, 15, 23, 4, 26, 11, 20, 28, 2, 34]
Ponto de cruzamento: 2
Houve mutação? sim, em [13, 24]

Quadrado 8 encontrado aos 01:24:16
25	7	31	2	36	10
21	28	16	17	14	15
23	22	9	27	1	29
3	6	5	33	30	34
19	35	18	24	4	11
20	13	32	8	26	12

Nº da geração: 7212121
Pai 1: [25, 7, 31, 2, 36, 10, 22, 28, 16, 17, 14, 15, 23, 21, 9, 27, 1, 29, 3, 6, 5, 34, 30, 33, 18, 35, 19, 24, 4, 11, 20, 13, 32, 8, 26, 12]
Pai 2: [25, 6, 31, 2, 36, 10, 21, 28, 17, 15, 14, 16, 23, 22, 8, 27, 1, 29, 3, 7, 5, 33, 30, 34, 19, 35, 18, 24, 4, 11, 20, 13, 32, 9, 26, 12]
Ponto de cruzamento: 16
Houve mutação? não

Quadrado 9 encontrado aos 01:25:10
26	7	31	1	36	10
21	28	16	17	14	15
23	22	8	27	2	29
3	6	5	33	30	34
18	35	19	24	4	11
20	13	32	9	25	12

Nº da geração: 7287338
Pai 1: [26, 7, 31, 1, 36, 10, 21, 28, 16, 17, 14, 15, 23, 22, 8, 27, 2, 29, 3, 6, 5, 33, 30, 34, 19, 35, 18, 24, 4, 11, 20, 13, 32, 9, 25, 12]
Pai 2: [26, 7, 31, 1, 36, 10, 21, 28, 16, 17, 14, 15, 23, 22, 8, 27, 2, 29, 3, 6, 5, 33, 30, 34, 19, 35, 18, 24, 4, 11, 20, 13, 32, 9, 25, 12]
Ponto de cruzamento: 24
Houve mutação? sim, em [26, 24]

Quadrado 10 encontrado aos 01:28:17
15	28	25	18	12	13
27	9	21	2	23	29
5	19	30	17	36	4
22	14	8	31	1	35
26	34	3	32	6	10
16	7	24	11	33	20

Nº da geração: 7598490
Pai 1: [15, 28, 25, 18, 12, 13, 27, 9, 22, 2, 23, 29, 5, 19, 30, 17, 36, 4, 21, 14, 8, 31, 1, 35, 26, 34, 3, 32, 6, 10, 16, 7, 24, 11, 33, 20]
Pai 2: [15, 28, 25, 18, 12, 13, 27, 9, 10, 2, 21, 23, 5, 29, 19, 30, 17, 4, 36, 22, 8, 14, 1, 31, 35, 26, 3, 34, 6, 32, 16, 7, 24, 11, 33, 20]
Ponto de cruzamento: 14
Houve mutação? não

Busca encerrada.
