Tamanho da matriz: 6
Tamanho da população: 200
Tamanho da elite: 170
Periodo de morte da elite: 90000
Ponto minimo (cruzamento): 26
Ponto maximo (cruzamento): 34
Chance de mutação: 50%
Exibir histórico completo: não
Permitir indivíduos idênticos: não
---

Quadrado 1 encontrado aos 00:04:01
18	34	5	32	12	10
7	23	26	21	30	4
19	20	27	15	24	6
17	22	11	2	28	31
14	9	29	8	16	35
36	3	13	33	1	25

Nº da geração: 36702
Pai 1: [19, 34, 5, 32, 12, 10, 7, 23, 26, 21, 30, 4, 18, 20, 27, 15, 24, 6, 17, 22, 11, 2, 28, 31, 14, 9, 29, 8, 16, 35, 36, 3, 13, 33, 1, 25]
Pai 2: [18, 32, 5, 34, 11, 12, 8, 23, 26, 20, 30, 4, 17, 22, 27, 14, 25, 6, 19, 21, 9, 3, 28, 31, 13, 10, 29, 7, 16, 35, 36, 2, 15, 33, 1, 24]
Ponto de cruzamento: 34
Houve mutação? sim, em [12, 0]

Quadrado 2 encontrado aos 00:13:03
18	34	5	32	12	10
7	23	26	21	30	4
17	22	27	15	24	6
19	20	11	2	28	31
14	9	29	8	16	35
36	3	13	33	1	25

Nº da geração: 122221
Pai 1: [19, 34, 5, 32, 12, 10, 7, 23, 26, 21, 30, 4, 17, 22, 27, 15, 24, 6, 18, 20, 11, 2, 28, 31, 14, 9, 29, 8, 16, 35, 36, 3, 13, 33, 1, 25]
Pai 2: [18, 2, 4, 32, 13, 11, 8, 23, 26, 20, 29, 5, 17, 21, 27, 15, 25, 6, 19, 22, 9, 3, 28, 30, 12, 10, 31, 7, 16, 35, 36, 33, 14, 34, 1, 24]
Ponto de cruzamento: 34
Houve mutação? sim, em [0, 18]

Quadrado 3 encontrado aos 00:50:10
19	32	5	33	10	12
8	22	26	20	28	7
17	23	27	15	25	4
18	21	9	3	31	29
13	11	30	6	16	35
36	2	14	34	1	24

Nº da geração: 485634
Pai 1: [19, 32, 5, 33, 10, 12, 8, 22, 26, 20, 28, 7, 17, 23, 27, 15, 25, 4, 18, 21, 9, 3, 31, 29, 13, 11, 30, 6, 16, 34, 36, 2, 14, 35, 1, 24]
Pai 2: [18, 32, 5, 33, 10, 13, 9, 24, 26, 20, 28, 4, 17, 22, 27, 14, 25, 6, 19, 21, 8, 3, 30, 31, 12, 11, 29, 7, 16, 35, 36, 1, 15, 34, 2, 23]
Ponto de cruzamento: 29
Houve mutação? não

Quadrado 4 encontrado aos 00:51:23
18	32	5	34	9	13
10	23	26	20	28	4
17	22	27	14	25	6
19	21	8	3	31	29
11	12	30	7	16	35
36	1	15	33	2	24

Nº da geração: 497431
Pai 1: [18, 32, 5, 33, 9, 13, 10, 23, 26, 20, 28, 4, 17, 22, 27, 14, 25, 6, 19, 21, 8, 3, 31, 29, 11, 12, 30, 7, 16, 35, 36, 1, 15, 34, 2, 24]
Pai 2: [17, 32, 5, 34, 11, 12, 8, 26, 25, 20, 29, 4, 18, 21, 27, 15, 24, 6, 19, 22, 10, 2, 28, 31, 13, 9, 30, 7, 16, 35, 36, 1, 14, 33, 3, 23]
Ponto de cruzamento: 29
Houve mutação? não

Quadrado 5 encontrado aos 00:51:55
19	33	5	32	10	12
8	23	27	21	28	4
18	20	26	15	25	7
17	22	9	3	31	29
13	11	30	6	16	35
36	2	14	34	1	24

Nº da geração: 502873
Pai 1: [18, 33, 5, 32, 11, 12, 8, 24, 25, 21, 29, 4, 17, 22, 27, 14, 26, 6, 19, 20, 9, 3, 28, 31, 13, 10, 30, 7, 16, 35, 36, 2, 15, 34, 1, 23]
Pai 2: [19, 32, 5, 33, 10, 12, 8, 23, 27, 21, 28, 4, 18, 20, 26, 15, 25, 7, 17, 22, 9, 3, 31, 29, 13, 11, 30, 6, 16, 35, 36, 2, 14, 34, 1, 24]
Ponto de cruzamento: 30
Houve mutação? não

Quadrado 6 encontrado aos 01:01:49
19	32	5	33	10	12
8	24	27	20	29	3
18	21	25	14	26	7
17	22	9	4	28	31
13	11	30	6	16	35
36	1	15	34	2	23

Nº da geração: 597359
Pai 1: [19, 33, 5, 32, 10, 12, 8, 24, 27, 20, 29, 3, 18, 21, 25, 14, 26, 7, 17, 22, 9, 4, 28, 31, 13, 11, 30, 6, 16, 34, 36, 1, 15, 35, 2, 23]
Pai 2: [19, 32, 5, 33, 10, 12, 8, 24, 26, 20, 28, 4, 17, 21, 27, 15, 25, 7, 18, 23, 9, 2, 29, 31, 13, 11, 30, 6, 16, 35, 36, 1, 14, 34, 3, 22]
Ponto de cruzamento: 27
Houve mutação? não

Quadrado 7 encontrado aos 01:02:18
19	32	5	33	10	12
8	24	27	20	29	3
17	22	25	14	26	7
18	21	9	4	28	31
13	11	30	6	16	35
36	1	15	34	2	23

Nº da geração: 602430
Pai 1: [19, 33, 5, 32, 10, 12, 8, 24, 27, 20, 29, 3, 17, 22, 25, 14, 26, 7, 18, 21, 9, 4, 28, 31, 13, 11, 30, 6, 16, 35, 36, 1, 15, 34, 2, 23]
Pai 2: [19, 32, 5, 33, 10, 12, 8, 24, 27, 20, 28, 4, 18, 21, 26, 15, 25, 6, 17, 22, 9, 3, 30, 31, 13, 11, 29, 7, 16, 35, 36, 1, 14, 34, 2, 23]
Ponto de cruzamento: 30
Houve mutação? não

Quadrado 8 encontrado aos 01:02:26
20	32	6	31	10	12
8	24	27	19	29	4
18	22	25	15	26	5
17	21	9	3	28	33
13	11	30	7	16	34
35	1	14	36	2	23

Nº da geração: 603771
Pai 1: [20, 32, 6, 31, 10, 12, 8, 24, 27, 19, 29, 4, 18, 22, 25, 15, 26, 5, 17, 21, 9, 3, 28, 33, 13, 11, 30, 7, 16, 34, 36, 1, 14, 35, 2, 23]
Pai 2: [29, 32, 5, 34, 10, 2, 8, 24, 27, 20, 28, 4, 17, 22, 26, 15, 25, 6, 18, 21, 9, 3, 19, 31, 13, 11, 30, 7, 16, 35, 36, 1, 14, 33, 12, 23]
Ponto de cruzamento: 33
Houve mutação? não

Quadrado 9 encontrado aos 01:44:39
19	33	6	32	11	10
7	23	27	21	29	4
17	20	26	15	25	8
18	22	9	3	28	31
14	12	30	5	16	34
36	1	13	35	2	24

Nº da geração: 1014912
Pai 1: [19, 33, 6, 32, 11, 10, 7, 23, 27, 21, 29, 4, 17, 20, 26, 15, 25, 8, 18, 22, 9, 3, 28, 31, 14, 12, 30, 5, 16, 34, 35, 1, 13, 36, 2, 24]
Pai 2: [19, 33, 6, 32, 10, 11, 7, 25, 26, 21, 28, 4, 17, 20, 27, 15, 24, 8, 18, 22, 9, 2, 29, 31, 14, 12, 30, 5, 16, 34, 36, 1, 13, 35, 3, 23]
Ponto de cruzamento: 27
Houve mutação? não

Quadrado 10 encontrado aos 02:17:10
19	32	5	33	10	12
8	24	28	18	29	4
16	22	25	15	26	7
20	21	9	3	27	31
13	11	30	6	17	34
35	1	14	36	2	23

Nº da geração: 1337448
Pai 1: [19, 32, 5, 33, 10, 12, 8, 24, 28, 18, 29, 4, 16, 22, 26, 15, 25, 7, 20, 21, 9, 3, 27, 31, 13, 11, 30, 6, 17, 34, 35, 1, 14, 36, 2, 23]
Pai 2: [19, 32, 6, 33, 15, 11, 8, 24, 26, 21, 28, 4, 17, 20, 27, 10, 25, 7, 18, 22, 9, 2, 29, 31, 14, 12, 30, 5, 16, 34, 35, 1, 13, 36, 3, 23]
Ponto de cruzamento: 30
Houve mutação? sim, em [16, 14]

Busca encerrada.