Square size: 7
Population size: 200
Elite size: 180
Elite death period: 120000
Minimum point (crossover): 40
Maximum point (crossover): 47
Mutation chance: 80%
Show generation details: no
Allow identical individuals: no
---

Magic square # found in 00:04:39
24	22	37	29	41	8	14
11	49	20	38	33	21	3
25	13	2	32	45	35	23
28	31	12	16	15	26	47
46	44	34	17	18	10	6
5	9	30	42	19	27	43
36	7	40	1	4	48	39

Generation number: 39799
1st parent: [24, 23, 38, 29, 41, 8, 12, 11, 49, 19, 37, 33, 21, 5, 25, 15, 1, 32, 45, 35, 22, 28, 31, 13, 17, 4, 26, 47, 46, 43, 34, 16, 18, 10, 7, 3, 9, 30, 42, 20, 27, 44, 36, 14, 40, 2, 6, 48, 39]
2nd parent: [25, 22, 37, 29, 41, 8, 14, 11, 49, 20, 38, 33, 21, 3, 24, 13, 2, 32, 45, 35, 23, 28, 31, 12, 16, 15, 26, 47, 46, 44, 34, 17, 18, 10, 6, 5, 9, 30, 42, 19, 27, 43, 36, 7, 40, 1, 4, 48, 39]
Crossover point: 47
Mutated? yes, on [0, 14]

Magic square # found in 00:11:48
23	24	37	29	41	8	13
11	49	20	38	33	21	3
22	14	2	32	45	35	25
31	28	12	17	15	26	46
47	44	34	16	18	10	6
5	9	30	42	19	27	43
36	7	40	1	4	48	39

Generation number: 105533
1st parent: [24, 23, 38, 29, 41, 8, 12, 11, 49, 19, 36, 33, 21, 5, 25, 15, 1, 32, 44, 35, 22, 28, 31, 13, 47, 14, 26, 42, 46, 17, 34, 16, 18, 10, 7, 3, 9, 30, 48, 20, 27, 45, 37, 6, 40, 2, 4, 43, 39]
2nd parent: [24, 23, 37, 29, 41, 8, 13, 11, 49, 20, 38, 33, 21, 3, 22, 14, 2, 32, 45, 35, 25, 31, 28, 12, 17, 15, 26, 46, 47, 44, 34, 16, 18, 10, 6, 5, 9, 30, 42, 19, 27, 43, 36, 7, 40, 1, 4, 48, 39]
Crossover point: 47
Mutated? yes, on [0, 1]

Magic square # found in 00:38:43
24	22	37	29	41	9	13
11	49	19	36	34	21	5
25	14	1	31	46	35	23
26	32	15	16	12	27	47
48	43	33	17	18	10	6
3	8	30	44	20	28	42
38	7	40	2	4	45	39

Generation number: 355929
1st parent: [25, 22, 37, 29, 41, 9, 12, 3, 49, 19, 36, 34, 21, 5, 23, 14, 1, 32, 46, 35, 24, 42, 31, 15, 16, 13, 27, 47, 48, 43, 33, 18, 17, 10, 6, 11, 8, 30, 44, 20, 28, 26, 38, 7, 40, 2, 4, 45, 39]
2nd parent: [25, 22, 37, 29, 41, 9, 13, 11, 49, 19, 36, 34, 21, 5, 24, 14, 1, 31, 46, 35, 23, 26, 32, 15, 16, 12, 27, 47, 48, 43, 33, 17, 18, 10, 6, 3, 8, 30, 44, 20, 28, 42, 38, 7, 40, 2, 4, 45, 39]
Crossover point: 46
Mutated? yes, on [0, 14]

Magic square # found in 00:40:08
24	23	36	29	41	10	12
11	49	19	37	33	21	5
25	14	1	32	46	35	22
26	31	15	16	13	27	47
48	43	34	17	18	9	6
3	8	30	42	20	28	44
38	7	40	2	4	45	39

Generation number: 369128
1st parent: [25, 23, 36, 29, 41, 9, 12, 11, 49, 19, 37, 33, 21, 6, 24, 14, 1, 32, 46, 35, 22, 26, 31, 15, 16, 13, 27, 47, 48, 43, 34, 18, 17, 10, 5, 3, 8, 30, 42, 20, 28, 44, 38, 7, 40, 2, 4, 45, 39]
2nd parent: [24, 23, 36, 29, 41, 10, 12, 11, 49, 19, 37, 33, 21, 5, 25, 14, 1, 32, 46, 35, 22, 26, 31, 15, 16, 13, 28, 47, 48, 43, 34, 17, 18, 9, 6, 3, 8, 30, 42, 20, 27, 44, 38, 7, 40, 2, 4, 45, 39]
Crossover point: 46
Mutated? yes, on [40, 26]

Magic square # found in 00:45:15
24	23	36	29	41	10	12
11	49	19	37	33	21	5
25	14	1	32	46	35	22
26	30	16	15	13	27	48
47	44	34	17	18	9	6
3	8	31	43	20	28	42
39	7	38	2	4	45	40

Generation number: 414097
1st parent: [24, 23, 36, 29, 41, 10, 12, 11, 49, 19, 37, 33, 21, 5, 25, 14, 1, 32, 46, 35, 22, 26, 30, 16, 15, 13, 27, 48, 47, 44, 34, 17, 18, 9, 6, 3, 8, 31, 43, 20, 28, 42, 38, 7, 39, 2, 4, 45, 40]
2nd parent: [24, 23, 36, 29, 41, 10, 12, 11, 49, 19, 37, 33, 21, 5, 25, 14, 1, 32, 46, 35, 22, 27, 30, 15, 16, 13, 26, 48, 47, 44, 34, 17, 18, 9, 6, 3, 8, 31, 43, 20, 28, 42, 38, 7, 39, 2, 4, 45, 40]
Crossover point: 40
Mutated? yes, on [42, 44]

Magic square # found in 00:56:34
25	22	37	29	41	10	11
12	49	18	36	33	21	6
23	14	1	31	47	35	24
26	32	15	16	13	27	46
48	43	34	19	17	9	5
3	8	30	42	20	28	44
38	7	40	2	4	45	39

Generation number: 511939
1st parent: [25, 22, 37, 29, 41, 10, 11, 12, 49, 18, 36, 33, 21, 6, 24, 14, 1, 31, 47, 35, 23, 26, 32, 15, 16, 13, 27, 46, 48, 43, 34, 19, 17, 9, 5, 3, 8, 30, 42, 20, 28, 44, 38, 7, 40, 2, 4, 45, 39]
2nd parent: [25, 22, 36, 30, 41, 9, 12, 11, 49, 19, 27, 33, 21, 5, 24, 17, 1, 29, 46, 35, 23, 37, 31, 13, 16, 14, 26, 47, 48, 44, 34, 15, 18, 10, 7, 2, 8, 32, 42, 20, 28, 43, 39, 4, 40, 6, 3, 45, 38]
Crossover point: 47
Mutated? yes, on [20, 14]

Magic square # found in 00:57:55
24	22	37	29	41	9	13
10	49	19	36	34	21	6
25	14	1	31	46	35	23
27	32	15	16	12	26	47
48	43	33	17	18	11	5
3	8	30	44	20	28	42
38	7	40	2	4	45	39

Generation number: 524898
1st parent: [24, 22, 37, 29, 41, 9, 13, 10, 49, 19, 36, 34, 21, 5, 25, 14, 1, 31, 46, 35, 23, 27, 32, 15, 16, 12, 26, 47, 48, 43, 33, 17, 18, 11, 6, 3, 8, 30, 44, 20, 28, 42, 38, 7, 40, 2, 4, 45, 39]
2nd parent: [25, 22, 36, 30, 41, 21, 12, 11, 49, 19, 37, 33, 9, 5, 24, 17, 1, 29, 46, 35, 23, 26, 31, 13, 16, 14, 27, 47, 48, 44, 34, 15, 18, 10, 7, 2, 8, 32, 43, 20, 28, 42, 39, 4, 40, 6, 3, 45, 38]
Crossover point: 47
Mutated? yes, on [34, 13]

Magic square # found in 01:01:08
25	22	37	29	41	9	12
10	49	19	36	34	21	6
24	14	1	31	47	35	23
26	32	15	16	13	27	46
48	43	33	17	18	11	5
3	7	30	42	20	28	45
39	8	40	4	2	44	38

Generation number: 555733
1st parent: [25, 22, 37, 29, 41, 9, 12, 10, 49, 19, 36, 34, 21, 5, 24, 14, 1, 31, 47, 35, 23, 26, 32, 15, 16, 13, 27, 46, 48, 43, 33, 17, 18, 11, 6, 3, 7, 30, 42, 20, 28, 45, 39, 8, 40, 4, 2, 44, 38]
2nd parent: [25, 23, 36, 29, 41, 9, 12, 11, 49, 19, 37, 33, 21, 5, 24, 15, 1, 32, 46, 35, 22, 26, 30, 14, 16, 13, 28, 47, 48, 44, 34, 17, 18, 27, 6, 3, 8, 31, 42, 20, 10, 43, 38, 7, 40, 2, 4, 45, 39]
Crossover point: 47
Mutated? yes, on [34, 13]

Magic square # found in 01:07:18
26	23	36	29	41	9	11
12	48	19	37	33	21	5
24	17	1	30	46	35	22
25	31	13	16	14	27	49
47	44	34	15	18	10	7
2	8	32	42	20	28	43
39	4	40	6	3	45	38

Generation number: 615799
1st parent: [26, 23, 36, 30, 41, 9, 11, 12, 48, 19, 37, 33, 21, 5, 24, 17, 1, 29, 46, 35, 22, 25, 31, 13, 16, 14, 27, 49, 47, 44, 34, 15, 18, 10, 7, 2, 8, 32, 42, 20, 28, 43, 39, 4, 40, 6, 3, 45, 38]
2nd parent: [25, 22, 37, 29, 41, 9, 12, 11, 49, 19, 33, 36, 21, 6, 23, 15, 1, 32, 45, 35, 24, 27, 31, 14, 17, 13, 26, 47, 48, 43, 34, 18, 16, 10, 5, 3, 8, 30, 44, 20, 28, 42, 38, 7, 40, 2, 4, 46, 39]
Crossover point: 47
Mutated? yes, on [3, 17]

Magic square # found in 01:37:59
25	22	36	29	40	11	12
9	49	19	37	35	21	5
24	17	1	30	46	34	23
26	31	15	16	13	27	47
48	45	32	14	18	10	8
2	7	33	43	20	28	42
41	4	39	6	3	44	38

Generation number: 901289
1st parent: [25, 22, 36, 29, 40, 11, 12, 9, 49, 19, 37, 35, 21, 5, 23, 17, 1, 30, 46, 34, 24, 26, 31, 15, 16, 13, 27, 47, 48, 45, 32, 14, 18, 10, 8, 2, 7, 33, 43, 20, 28, 42, 41, 4, 39, 6, 3, 44, 38]
2nd parent: [25, 22, 36, 30, 41, 9, 12, 49, 10, 19, 37, 33, 21, 5, 24, 17, 1, 29, 46, 35, 23, 27, 31, 13, 16, 14, 26, 47, 48, 44, 34, 15, 18, 11, 8, 2, 7, 32, 43, 20, 28, 42, 39, 6, 40, 4, 3, 45, 38]
Crossover point: 47
Mutated? yes, on [20, 14]

Search is complete.