Tamanho da matriz: 8
Tamanho da população: 200
Tamanho da elite: 170
Periodo de morte da elite: 150000
Ponto minimo (cruzamento): 54
Ponto maximo (cruzamento): 62
Chance de mutação: 50%
Exibir histórico completo: não
Permitir indivíduos idênticos: não
---

Quadrado 1 encontrado aos 00:38:02
49	63	16	62	31	12	18	9
7	59	10	22	25	51	48	38
36	43	27	3	60	29	61	1
14	30	53	15	21	58	64	5
24	8	39	46	33	50	4	56
54	11	26	57	19	13	28	52
35	40	42	32	34	2	20	55
41	6	47	23	37	45	17	44

Nº da geração: 223452
Pai 1: [49, 62, 15, 63, 31, 12, 19, 9, 6, 60, 10, 23, 25, 50, 48, 38, 37, 43, 27, 3, 61, 29, 59, 1, 16, 28, 54, 14, 21, 58, 64, 5, 24, 7, 39, 46, 33, 51, 4, 56, 53, 11, 26, 57, 18, 13, 30, 52, 35, 41, 42, 32, 34, 2, 20, 55, 40, 8, 47, 22, 36, 45, 17, 44]
Pai 2: [49, 63, 16, 62, 31, 12, 18, 9, 7, 59, 10, 22, 25, 51, 48, 38, 36, 43, 27, 3, 60, 29, 61, 1, 15, 30, 53, 14, 21, 58, 64, 5, 24, 8, 39, 46, 33, 50, 4, 56, 54, 11, 26, 57, 19, 13, 28, 52, 35, 40, 42, 32, 34, 2, 20, 55, 41, 6, 47, 23, 37, 45, 17, 44]
Ponto de cruzamento: 62
Houve mutação? sim, em [24, 27]

Quadrado 2 encontrado aos 00:42:21
49	63	15	62	31	12	19	9
6	60	10	23	25	50	48	38
36	43	27	4	61	29	59	1
16	28	54	14	21	58	64	5
24	8	39	46	33	51	3	56
53	11	26	57	18	13	30	52
35	40	42	32	34	2	20	55
41	7	47	22	37	45	17	44

Nº da geração: 249072
Pai 1: [49, 63, 15, 62, 31, 12, 19, 9, 6, 60, 10, 23, 25, 50, 48, 38, 36, 43, 27, 4, 61, 29, 59, 1, 16, 28, 54, 14, 21, 58, 64, 5, 24, 7, 39, 46, 33, 51, 3, 56, 53, 11, 26, 57, 18, 13, 30, 52, 35, 40, 42, 32, 34, 2, 20, 55, 41, 8, 47, 22, 37, 45, 17, 44]
Pai 2: [48, 62, 16, 63, 31, 12, 19, 9, 6, 60, 10, 22, 25, 51, 49, 37, 38, 43, 27, 4, 61, 28, 58, 1, 14, 29, 53, 15, 21, 59, 64, 5, 23, 8, 39, 46, 36, 50, 3, 55, 56, 11, 26, 54, 18, 13, 30, 52, 34, 40, 42, 32, 33, 2, 20, 57, 41, 7, 47, 24, 35, 45, 17, 44]
Ponto de cruzamento: 61
Houve mutação? sim, em [43, 3]

Quadrado 3 encontrado aos 00:42:33
49	62	16	61	31	12	20	9
6	60	10	23	25	50	48	38
37	43	26	4	63	28	58	1
14	29	53	15	21	59	64	5
24	8	39	46	33	52	3	55
54	11	27	57	17	13	30	51
35	40	42	32	34	2	19	56
41	7	47	22	36	44	18	45

Nº da geração: 250296
Pai 1: [49, 63, 14, 62, 31, 12, 20, 9, 6, 60, 10, 23, 25, 50, 48, 38, 37, 43, 27, 3, 61, 30, 59, 1, 16, 28, 53, 15, 22, 58, 64, 4, 21, 8, 41, 46, 32, 51, 5, 55, 57, 11, 26, 54, 18, 13, 29, 52, 34, 39, 42, 33, 35, 2, 19, 56, 40, 7, 47, 24, 36, 44, 17, 45]
Pai 2: [49, 62, 16, 61, 31, 12, 20, 9, 6, 60, 10, 23, 25, 50, 48, 38, 37, 43, 26, 4, 63, 28, 58, 1, 14, 29, 53, 15, 21, 59, 64, 5, 24, 8, 39, 46, 33, 52, 3, 55, 54, 11, 27, 57, 17, 13, 30, 51, 35, 40, 42, 32, 34, 2, 19, 56, 41, 7, 47, 22, 36, 45, 18, 44]
Ponto de cruzamento: 62
Houve mutação? sim, em [61, 63]

Quadrado 4 encontrado aos 01:07:00
49	62	16	63	32	12	17	9
7	60	10	22	25	50	48	38
37	43	27	3	59	29	61	1
15	30	53	14	21	58	64	5
23	8	39	46	33	51	4	56
54	11	26	57	19	13	28	52
34	40	42	31	36	2	20	55
41	6	47	24	35	45	18	44

Nº da geração: 395643
Pai 1: [49, 62, 16, 63, 32, 12, 18, 9, 7, 60, 10, 22, 25, 50, 48, 38, 37, 43, 27, 3, 59, 29, 61, 1, 15, 30, 53, 14, 21, 58, 64, 5, 23, 8, 39, 46, 33, 51, 4, 56, 54, 11, 26, 57, 19, 13, 28, 52, 34, 40, 42, 31, 36, 2, 20, 55, 41, 6, 47, 24, 35, 45, 17, 44]
Pai 2: [49, 61, 16, 64, 31, 12, 18, 9, 6, 60, 10, 23, 25, 50, 48, 38, 37, 43, 27, 3, 59, 29, 62, 1, 15, 30, 53, 14, 22, 58, 63, 5, 24, 7, 39, 46, 33, 51, 4, 56, 54, 11, 26, 57, 19, 13, 28, 52, 34, 40, 42, 32, 35, 2, 20, 55, 41, 8, 47, 21, 36, 45, 17, 44]
Ponto de cruzamento: 62
Houve mutação? sim, em [62, 6]

Quadrado 5 encontrado aos 01:20:55
49	62	16	63	31	12	18	9
6	59	10	23	25	51	48	38
36	43	27	3	60	29	61	1
15	30	53	14	21	58	64	5
24	8	39	46	34	50	4	55
54	11	26	57	19	13	28	52
35	40	42	32	33	2	20	56
41	7	47	22	37	45	17	44

Nº da geração: 477643
Pai 1: [49, 62, 16, 63, 32, 12, 18, 9, 7, 60, 10, 22, 25, 50, 48, 38, 37, 43, 27, 3, 59, 29, 61, 1, 15, 30, 53, 14, 21, 58, 64, 5, 23, 8, 39, 46, 33, 51, 4, 56, 54, 11, 26, 57, 19, 13, 28, 52, 34, 40, 42, 31, 35, 2, 20, 55, 41, 6, 47, 24, 36, 45, 17, 44]
Pai 2: [49, 62, 16, 63, 31, 12, 18, 9, 6, 59, 10, 23, 25, 51, 48, 38, 36, 43, 27, 3, 60, 29, 61, 1, 15, 30, 53, 14, 21, 58, 64, 5, 24, 8, 39, 46, 34, 50, 4, 56, 54, 11, 26, 57, 19, 13, 28, 52, 35, 40, 42, 32, 33, 2, 20, 55, 41, 7, 47, 22, 37, 45, 17, 44]
Ponto de cruzamento: 61
Houve mutação? sim, em [55, 39]

Quadrado 6 encontrado aos 01:58:28
49	62	16	61	31	13	19	9
6	60	10	23	25	50	48	38
37	43	26	4	63	28	58	1
14	29	53	15	21	59	64	5
24	8	39	46	34	51	3	55
54	11	27	57	17	12	30	52
35	40	42	32	33	2	20	56
41	7	47	22	36	45	18	44

Nº da geração: 686733
Pai 1: [48, 63, 16, 62, 31, 12, 19, 9, 6, 60, 10, 24, 25, 50, 49, 35, 38, 43, 27, 4, 61, 28, 58, 1, 15, 29, 53, 14, 21, 59, 64, 5, 23, 8, 39, 46, 34, 51, 3, 57, 52, 11, 26, 56, 18, 13, 30, 54, 36, 40, 42, 32, 33, 2, 20, 55, 41, 7, 47, 22, 37, 45, 17, 44]
Pai 2: [49, 62, 16, 61, 31, 12, 19, 9, 6, 60, 10, 23, 25, 50, 48, 38, 37, 43, 26, 4, 63, 28, 58, 1, 14, 29, 53, 15, 21, 59, 64, 5, 24, 8, 39, 46, 34, 51, 3, 55, 54, 11, 27, 57, 17, 13, 30, 52, 35, 40, 42, 32, 33, 2, 20, 56, 41, 7, 47, 22, 36, 45, 18, 44]
Ponto de cruzamento: 61
Houve mutação? sim, em [5, 45]

Quadrado 7 encontrado aos 01:58:50
49	62	15	63	31	13	18	9
6	61	10	23	25	50	48	37
38	43	27	3	60	29	59	1
16	28	54	14	21	58	64	5
24	7	39	46	33	51	4	56
52	11	26	57	19	12	30	53
34	40	42	32	35	2	20	55
41	8	47	22	36	45	17	44

Nº da geração: 688926
Pai 1: [49, 62, 16, 63, 30, 12, 18, 9, 8, 59, 10, 22, 25, 50, 48, 38, 36, 43, 27, 3, 60, 29, 61, 1, 14, 31, 53, 15, 21, 58, 64, 5, 24, 7, 39, 46, 33, 51, 4, 56, 54, 11, 26, 57, 19, 13, 28, 52, 34, 40, 42, 32, 35, 2, 20, 55, 41, 6, 47, 23, 37, 45, 17, 44]
Pai 2: [49, 63, 15, 62, 31, 13, 18, 9, 6, 61, 10, 23, 25, 50, 48, 37, 38, 43, 27, 3, 60, 29, 59, 1, 16, 28, 54, 14, 21, 58, 64, 5, 24, 7, 39, 46, 33, 51, 4, 56, 52, 11, 26, 57, 19, 12, 30, 53, 34, 40, 42, 32, 35, 2, 20, 55, 41, 8, 47, 22, 36, 45, 17, 44]
Ponto de cruzamento: 60
Houve mutação? não

Quadrado 8 encontrado aos 02:01:55
48	62	16	63	31	13	18	9
6	60	10	23	25	49	50	37
38	43	27	4	61	28	58	1
15	29	53	14	21	59	64	5
24	8	39	45	35	51	3	55
54	11	26	56	19	12	30	52
34	40	42	33	32	2	20	57
41	7	47	22	36	46	17	44

Nº da geração: 706552
Pai 1: [48, 62, 16, 63, 31, 13, 18, 9, 6, 60, 10, 23, 25, 49, 50, 37, 38, 43, 27, 4, 61, 28, 58, 1, 15, 29, 53, 14, 21, 59, 64, 5, 24, 7, 39, 45, 35, 51, 3, 55, 54, 11, 26, 56, 19, 12, 30, 52, 34, 40, 42, 33, 32, 2, 20, 57, 41, 8, 47, 22, 36, 46, 17, 44]
Pai 2: [48, 62, 16, 63, 31, 12, 19, 9, 6, 60, 10, 23, 24, 51, 49, 37, 38, 43, 27, 4, 61, 28, 58, 1, 15, 29, 53, 14, 21, 59, 64, 5, 25, 7, 39, 46, 35, 50, 3, 55, 54, 11, 26, 56, 18, 13, 30, 52, 34, 40, 42, 32, 33, 2, 20, 57, 41, 8, 47, 22, 36, 45, 17, 44]
Ponto de cruzamento: 61
Houve mutação? sim, em [33, 57]

Quadrado 9 encontrado aos 02:02:00
49	62	15	63	31	13	18	9
6	61	10	22	25	51	48	37
38	43	27	3	60	29	59	1
16	28	54	14	21	58	64	5
24	8	39	46	33	50	4	56
52	11	26	57	19	12	30	53
34	40	42	32	35	2	20	55
41	7	47	23	36	45	17	44

Nº da geração: 707061
Pai 1: [48, 62, 16, 63, 31, 12, 19, 9, 6, 60, 10, 23, 25, 51, 49, 36, 38, 43, 27, 4, 61, 28, 58, 1, 14, 29, 53, 15, 21, 59, 64, 5, 24, 8, 39, 46, 33, 50, 3, 57, 54, 11, 26, 56, 18, 13, 30, 52, 35, 40, 42, 32, 34, 2, 20, 55, 41, 7, 47, 22, 37, 44, 17, 45]
Pai 2: [49, 61, 15, 63, 31, 13, 18, 9, 6, 62, 10, 22, 25, 50, 48, 37, 38, 43, 27, 3, 60, 29, 59, 1, 16, 28, 54, 14, 21, 58, 64, 5, 24, 8, 39, 46, 33, 51, 4, 56, 52, 11, 26, 57, 19, 12, 30, 53, 34, 40, 42, 32, 35, 2, 20, 55, 41, 7, 47, 23, 36, 45, 17, 44]
Ponto de cruzamento: 59
Houve mutação? sim, em [13, 37]

Quadrado 10 encontrado aos 02:20:19
49	63	15	62	31	12	19	9
6	60	10	23	24	51	48	38
36	43	27	4	61	29	59	1
16	28	54	14	21	58	64	5
25	8	39	46	33	50	3	56
53	11	26	57	18	13	30	52
34	40	42	32	35	2	20	55
41	7	47	22	37	45	17	44

Nº da geração: 810598
Pai 1: [49, 63, 15, 62, 31, 12, 19, 9, 6, 60, 10, 23, 24, 50, 48, 38, 36, 43, 27, 4, 61, 29, 59, 1, 16, 28, 54, 14, 21, 58, 64, 5, 25, 8, 39, 46, 33, 51, 3, 56, 53, 11, 26, 57, 18, 13, 30, 52, 34, 40, 42, 32, 35, 2, 20, 55, 41, 7, 47, 22, 37, 45, 17, 44]
Pai 2: [48, 63, 16, 62, 31, 12, 19, 9, 6, 60, 10, 24, 25, 51, 49, 35, 38, 43, 27, 4, 61, 28, 58, 1, 15, 29, 53, 14, 21, 59, 64, 5, 23, 8, 39, 46, 34, 50, 3, 57, 52, 11, 26, 56, 18, 13, 30, 54, 36, 40, 42, 32, 33, 2, 20, 55, 41, 7, 47, 22, 37, 45, 17, 44]
Ponto de cruzamento: 59
Houve mutação? sim, em [13, 37]

Busca encerrada.